[2016-03-10 21.58.11.jpg]
filters=autocolor=1;finetune2=1,0.233918,0.117895,0.092632,00000000,0.000000;autocolor=1;
moddate=9ee924a7117bd101
width=5344
height=3006
textactive=0
