[4.3-2.jpg]
filters=crop64=1,56690000ffffffff;DropShadow=1,0.000000,0.000000,52.046783,00000000,00ffffff,100.000000;
crop=rect64(56690000ffffffff)
moddate=8a187676928dd001
width=1028
height=681
text=1;140;16;Fot. Gonedreamer;Segoe UI;0.735429,0.910115,0.046998,0.000000;v1,4294967295,4294967295,128.000000,1.000000,0.000000,1.000000,400,0,49152;;
textactive=1
