[4.3-2.JPG]
filters=crop64=1,2fdf0000efbeffff;DropShadow=1,0.000000,0.000000,80.701759,00000000,00ffffff,100.000000;
crop=rect64(2fdf0000efbeffff)
moddate=2d303cc1ae37d201
width=2000
height=1500
text=1;142;18;Autor: Zoa Meldara;Segoe UI;0.675577,0.937938,0.038178,0.000000;v1,4294967295,4278190080,128.000000,1.000000,0.037383,1.000000,400,2,49152;;
textactive=1
[4.3-3.JPG]
filters=crop64=1,2333ff50e353;DropShadow=1,0.000000,0.000000,75.438599,00000000,00ffffff,100.000000;
crop=rect64(2333ff50e353)
moddate=247f0cceaf37d201
width=1500
height=2000
text=1;142;18;Autor: Zoa Meldara;Segoe UI;0.630539,0.836764,0.028417,0.000000;v1,4294967295,4278190080,128.000000,1.000000,0.373832,1.000000,700,2,49152;;
textactive=1
